Parsing=0.000388
Instantiation=0.00413
Fluent_Copying=0.000356
Init_And_Goal_Copying=1.3e-05
Operators_Copying=0.000943
